111111111111111111111111111111111111111111111111111111111111111111111111111111111111111111111111111111111111111111111111
100000000000000000000100000000000000000000000000000000000000000000000000000000000000000000000000000000000000000000000001
100000000000000000000100000000000000000000000000000000000000000000000000000000000000000000000000000000000000000000000001
100000000000000000000000000000000000000000000000000000000000000000000000000000000000000000000000000000000000000000000001
100000000000000000000000000000000000000000000000000000000000000000000000000000000000000000000000000000000000000000000001
100000000000000000000000000000000000000000000000000000000000000000000000000000000000000000000000000000000000000000000001
100000000000000000000000000000000000000000000000000000000000000000000000000000000000000000000000000000000000000000000001
100000000000000000000000000000000000000000000000000000000000000000000000000000000000000000000000000000000000000000000001
100000000000000000000100000000000000000000000000000000000000000000000000000000000000000000000000000000000000000000000001
100000000000000000000100000000000000000022222222222222222222000000000000000002222222222222222222000000000000000000000001
100000000000000000000100000000000000000022222222222222222222000000000000000002222222222222222222000000000000000000000001
111111111111111111111100000000000000000000000000000000000000000000000000000000000000000000000000000000000000000000000001
444444444444444444444100000000000000000000000000000000000000000000000000000000000000000000000000000000000000000000000001
444444444444444444444100000000000000000000000000000000000000000000000000000000000000000000000000000000000000000000000001
444444444444444444444100000000000000000000000000000000000000000000000000000000000000000000000000000000000000000000000001
444444444444444444444100000000000000000000000000000000000000000000000000000000000000000000000000000000000000000000000001
444444444444444444444100000000000000000000000000000000000000000000000000000000000000000000000000000000000000000000000001
444444444444444444444100000000000000000000000000000000000000000000000000000000000000000000000000000000000000000000000001
444444444444444444444100000000000000000000000000000000000000000000000000000000000000000000000000000000000000000000000001
44444444444444444444410000000000000000002222222222222222222200000000000000000222222222222222222220000000000000000000001
44444444444444444444410000000000000000002222222222222222222200000000000000000222222222222222222220000000000000000000001
444444444444444444444100000000000000000000000000000000000000000000000000000000000000000000000000000000000000000000000001
444444444444444444444100000000000000000000000000000000000000000000000000000000000000000000000000000000000000000000000001
444444444444444444444100000000000000000000000000000000000000000000000000000000000000000000000000000000000000000000000001
444444444444444444444100000000000000000000000000000000000000000000000000000000000000000000000000000000000000000000000001
444444444444444444444100000000000000000000000000000000000000000000000000000000000000000000000000000000000000000000000001
444444444444444444444100000000000000000000000000000000000000000000000000000000000000000000000000000000000000000000000001
444444444444444444444100000000000000000000000000000000000000000000000000000000000000000000000000000000000000000000000001
444444444444444444444100000000000000000000000000000000000000000000000000000000000000000000000000000000000000000000000001
4444444444444444444441000000000000000000222222222222222222220000000000000000022222222222222222222000000000000000000001
4444444444444444444441000000000000000000222222222222222222220000000000000000022222222222222222222000000000000000000001
444444444444444444444100000000000000000000000000000000000000000000000000000000000000000000000000000000000000000000000001
444444444444444444444100000000000000000000000000000000000000000000000000000000000000000000000000000000000000000000000001
444444444444444444444100000000000000000000000000000000000000000000000000000000000000000000000000000000000000000000000001
444444444444444444444100000000000000000000000000000000000000000000000000000000000000000000000000000000000000000000000001
444444444444444444444100000000000000000000000000000000000000000000000000000000000000000000000000000000000000000000000001
444444444444444444444100000000000000000000000000000000000000000000000000000000000000000000000000000000000000000000000001
444444444444444444444100000000000000000000000000000000000000000000000000000000000000000000000000000000000000000000000001
444444444444444444444100000000000000000000000000000000000000000000000000000000000000000000000000000000000000000000000001
444444444444444444444111111111111111111111111111111111111111111111111111111111111111111111111111111111111111111111111111